miRNA_id	miRNA_family	Tulip14	Tulip27	Tulip04	Tulip01	Tulip13	Tulip20	Tulip24	Tulip25	Tulip28	Tulip09	Tulip03	Tulip17	Tulip06	Tulip05	Tulip11	Tulip07	Tulip22
hsa-mir-451a	mir-451	0.233	-0.193	0.868	0.391	0.552	0.723	0.604	0.882	-1.989	0.613	-0.869	-0.822	0.253	0.037	-0.41	-0.203	-0.669
hsa-mir-1973	mir-1973	0.923	-1.233	-0.128	0.259	0.039	-0.931	-0.255	-4.119	1.4	-0.526	1.435	1.504	0.165	0.015	-0.002	0.656	0.8
hsa-mir-142-5p	mir-142-5p	0.064	-0.398	0.105	0.223	-0.335	-0.655	-0.697	-1.545	0.428	-0.292	0.897	0.65	-0.016	0.3	0.741	0.134	0.395
hsa-mir-16-5p	mir-15-5p/16-5p/195-5p/424-5p/497-5p	0.062	-0.516	0.52	0.287	0.427	0.555	0.66	0.895	-1.308	0.253	-0.552	-0.536	0.045	-0.073	-0.343	0.004	-0.381
hsa-mir-320c	mir-320	-0.119	0.043	-0.491	-0.46	0.351	0.255	0.55	0.274	0.987	-0.659	0.395	0.327	-0.737	-0.568	-0.068	-0.33	0.249
hsa-mir-486-5p	mir-486-5p	0.549	-0.28	0.419	0.398	0.316	0.746	1.143	1.478	-1.379	0.062	-0.888	-0.764	-0.253	-0.345	-0.576	0.008	-0.635
hsa-mir-320d	mir-320	-0.097	-0.071	-0.201	-0.068	-0.056	0.243	0.683	0.349	0.692	-0.148	0.164	0.347	-0.619	-0.676	-0.244	-0.388	0.092
hsa-mir-320b	mir-320	0.096	0.015	-0.317	-0.378	-0.149	0.302	0.556	0.304	0.604	-0.353	0.086	0.43	-0.57	-0.733	0.098	-0.164	0.172
hsa-mir-15a-5p	mir-15-5p/16-5p/195-5p/424-5p/497-5p	0.57	-0.735	0.726	0.029	0.21	0.195	0.536	0.479	-0.819	0.422	-0.643	-0.65	0.243	-0.382	-0.471	0.252	0.039
hsa-mir-17-5p	mir-17-5p/20-5p/93-5p/106-5p/519-3p	-0.241	-0.547	-0.074	0.185	1.794	0.044	0.298	0.059	-0.414	0.117	-0.23	-0.125	-0.049	-0.295	-0.344	-0.054	-0.122
hsa-mir-20a-5p	mir-17-5p/20-5p/93-5p/106-5p/519-3p	-0.061	-0.528	0.207	0.367	0.069	0.082	0.544	0.577	-0.828	0.165	-0.088	-0.243	0.132	-0.3	-0.009	0.046	-0.132
hsa-mir-92a-3p	mir-25-3p/32-5p/92-3p/363-3p/367-3p	0.068	-0.443	0.118	0.004	0.653	0.206	0.884	0.93	-0.596	0.183	-0.583	-0.393	-0.219	-0.269	-0.306	-0.189	-0.048
hsa-mir-223-3p	mir-223-3p	0.083	-0.468	-0.172	0.449	-0.282	-0.719	-0.997	-2.481	0.548	0.003	1.147	0.795	0.234	0.124	0.887	0.22	0.63
hsa-let-7b-5p	let-7-5p/98-5p	-0.092	-0.525	0.007	-0.208	0.304	0.4	0.421	0.783	-0.162	0.548	-0.489	-0.087	0.008	-0.346	-0.294	-0.282	0.015
hsa-mir-24-3p	mir-24-3p	0.068	-0.282	-0.49	-0.636	-0.047	-0.45	-0.098	-1.014	0.138	0.406	0.524	0.334	0.42	0.333	0.232	0.105	0.457
hsa-mir-21-5p	mir-21-5p/590-5p	-0.139	-0.11	-0.012	0.009	-0.346	-0.442	-0.919	-0.708	0.018	0.211	0.849	0.424	0.732	0.094	0.12	-0.189	0.408
hsa-mir-23a-3p	mir-23-3p	0.198	-0.182	-0.46	-0.309	-0.374	-0.865	-0.556	-2.47	0.852	-0.215	0.749	1.022	0.427	0.097	0.814	0.102	1.171
hsa-mir-22-3p	mir-22-3p	0.348	0.033	-0.221	-0.116	0.097	0.217	0.501	0.144	0.025	-0.283	-0.168	0.138	-0.256	0.073	-0.181	-0.094	-0.257
hsa-mir-19b-3p	mir-19-3p	-0.345	-0.192	0.382	0.19	0.128	-0.019	0.255	0.547	-0.462	0.18	0.136	-0.123	0.138	-0.166	0.004	-0.145	-0.509
hsa-mir-185-5p	mir-185-5p	-0.111	-0.444	-0.001	0.081	0.134	-0.061	0.511	0.413	-0.085	0.087	-0.151	0.163	-0.201	-0.188	-0.196	0.169	-0.122
hsa-mir-23b-3p	mir-23-3p	0.255	-0.395	-0.22	-0.279	-0.239	-0.441	-0.385	-1.177	0.326	-0.275	0.686	0.799	0.127	0.334	0.535	0.093	0.257
hsa-let-7f-5p	let-7-5p/98-5p	0.074	-1.045	-0.408	0.127	0.362	-0.463	-1.632	-1.233	0.55	0.698	0.611	0.773	1.085	-0.12	0.228	-0.167	0.56
hsa-mir-320a	mir-320	0.139	-0.1	-0.315	-0.232	0.096	0.263	0.361	0.221	0.678	-0.355	0.173	0.247	-0.581	-0.544	0.061	-0.287	0.175
hsa-mir-423-5p	mir-423-5p	-0.151	-0.126	0.031	-0.457	0.099	-0.111	0.559	0.548	0.529	0.105	-0.533	0.225	-0.271	-0.233	0.073	-0.315	0.027
hsa-mir-221-3p	mir-221-3p/222-3p	0.268	-0.071	-0.547	-0.4	-0.367	-0.626	0.344	-1.711	0.878	-0.378	0.607	0.965	-0.248	-0.19	0.455	0.146	0.876
hsa-mir-146b-5p	mir-146-5p	-0.091	0.514	-0.368	-0.158	0.167	-0.902	-0.244	-2.001	1.22	0.029	0.923	0.09	-0.46	0.086	0.587	0.044	0.565
hsa-mir-146a-5p	mir-146-5p	0.385	0.166	-0.267	-0.389	-0.054	-0.737	-0.34	-2.719	1.051	-0.121	0.912	0.879	-0.001	0.085	0.514	0.063	0.574
hsa-mir-103a-3p	mir-103-3p/107	-0.346	-0.701	0.111	0.164	0.413	-0.169	-0.055	-0.194	-0.54	0.329	-0.125	-0.25	0.828	-0.18	0.375	0.025	0.314
hsa-let-7a-5p	let-7-5p/98-5p	0.25	-0.799	-0.545	-0.238	0.355	-0.097	-0.767	-0.159	0.451	0.411	0.03	0.345	0.755	0.161	-0.177	-0.552	0.576
hsa-mir-126-3p	NA	-0.034	-0.474	-0.078	-0.154	-0.175	-0.336	-0.797	-1.36	0.305	0.054	0.692	0.609	0.324	0.256	0.563	0.103	0.502
hsa-mir-30e-5p	mir-30-5p	0.112	-0.464	-0.009	-0.06	0.147	-0.161	0.296	0.219	0.069	-0.077	0.037	0.266	-0.124	-0.164	0.1	-0.212	0.026
hsa-mir-25-3p	mir-25-3p/32-5p/92-3p/363-3p/367-3p	0.214	-0.533	0.439	0.155	0.375	0.62	0.855	0.734	-0.964	0.349	-0.911	-0.489	-0.137	-0.232	-0.246	0.019	-0.247
hsa-let-7i-5p	let-7-5p/98-5p	-0.065	-0.374	0.026	-0.182	-0.019	-0.146	0.085	0.111	0.127	0.138	0.091	0.215	0.137	-0.184	-0.026	-0.016	0.082
hsa-mir-27a-3p	mir-27-3p	0.153	0.122	-0.018	-0.086	-0.494	-0.811	-0.549	-1.766	0.825	-0.408	1.049	0.582	0.15	0.198	0.52	-0.019	0.552
hsa-mir-144-3p	mir-144-3p	0.146	-0.018	1.34	0.204	0.258	0.744	-0.018	0.522	-2.118	1.339	-0.59	-0.859	1.259	-0.465	-0.421	-0.178	-1.145
hsa-mir-302f	mir-302f	-0.032	-0.192	-0.31	-0.235	0.199	-0.417	0.402	-0.052	0.359	-0.109	-0.104	0.299	-0.028	-0.209	0.116	-0.131	0.444
hsa-mir-19a-3p	mir-19-3p	-0.217	-0.126	0.76	0.218	0.133	0.034	-0.087	0.191	-0.364	0.425	0.139	-0.342	0.266	-0.143	-0.033	-0.3	-0.554
hsa-mir-20b-5p	mir-17-5p/20-5p/93-5p/106-5p/519-3p	-0.35	-0.088	0.507	0.183	0.565	0.267	0.774	1.147	-1.231	0.334	-0.842	-0.445	-0.137	-0.313	-0.217	0.058	-0.211
hsa-mir-26a-5p	mir-26-5p	-0.083	-0.935	-0.324	-0.011	0.003	-0.463	-1.059	-1.227	0.155	0.266	0.59	0.296	1.126	0.174	0.698	0.216	0.577
hsa-mir-106a-5p	mir-17-5p/20-5p/93-5p/106-5p/519-3p	-0.168	-0.354	-0.01	-0.246	0.469	0.001	0.426	0.632	-0.146	-0.004	-0.544	0.141	-0.12	-0.158	-0.053	0.151	-0.017
hsa-mir-4306	mir-185-5p	0.082	-0.113	-0.036	0.055	0.011	0.186	0.804	0.368	-0.617	0.177	-0.147	-0.094	-0.153	-0.309	-0.25	0.22	-0.183
hsa-mir-15b-5p	mir-15-5p/16-5p/195-5p/424-5p/497-5p	0.226	-0.671	0.026	0.076	-0.141	-0.517	-0.463	-0.765	-0.05	0.156	0.526	0.463	0.582	0.135	0.164	0.065	0.189
hsa-mir-652-3p	mir-652-3p	0.005	-0.398	-0.482	-0.262	-0.01	-0.484	-0.392	-0.755	0.886	-0.148	0.587	0.738	-0.072	0.018	0.296	-0.15	0.624
hsa-let-7g-5p	let-7-5p/98-5p	-0.059	-0.718	-0.111	0.213	0.139	-0.208	-0.67	-0.493	-0.249	0.283	0.202	0.089	0.886	0.189	0.068	0.112	0.326
hsa-mir-130a-3p	mir-130-3p/301-3p/454-3p	-0.268	-0.073	-0.208	-0.273	-0.692	-1.17	0.242	-1.123	1.007	0.023	0.782	0.261	-0.035	0.231	0.28	0.532	0.485
hsa-mir-106b-5p	mir-17-5p/20-5p/93-5p/106-5p/519-3p	-0.111	-0.258	0.494	0.353	0.225	0.032	0.167	0.187	-0.45	0.183	-0.127	-0.336	0.172	-0.268	-0.134	0.015	-0.144
hsa-mir-363-3p	mir-25-3p/32-5p/92-3p/363-3p/367-3p	0.131	-0.239	0.445	0.399	0.367	0.069	0.735	0.843	-1.453	0.323	-0.764	-0.554	0.062	-0.227	-0.057	0.207	-0.285
hsa-mir-191-5p	mir-191-5p	-0.086	-0.623	-0.465	-0.25	0.209	-0.492	-0.355	-1.192	0.692	0.063	0.111	0.363	0.623	0.216	0.53	0.108	0.547
hsa-mir-101-3p	NA	0.173	0.091	0.669	0.335	0.151	-0.05	0.459	0.421	-1.432	0.47	-0.174	-0.578	0.357	-0.207	-0.163	-0.08	-0.443
hsa-mir-199b-3p	mir-199-3p	0.674	-0.313	0.179	-0.011	-0.347	-1.251	-1.219	-2.997	0.7	-0.018	1.136	0.893	0.21	0.6	0.958	0.345	0.462
hsa-mir-27b-3p	mir-27-3p	0.134	0.122	-0.221	-0.216	0.854	-0.617	-0.451	-0.648	0.439	-0.63	1.032	0.293	-0.124	-0.009	0.517	-0.493	0.018
hsa-mir-126-5p	mir-126-5p	0.077	-0.256	-0.028	0.118	-0.474	-0.522	-0.755	-1.457	0.296	-0.045	0.787	0.715	0.116	0.156	0.635	0.301	0.337
hsa-mir-320e	mir-320e	-0.657	0.154	-0.83	-0.153	-0.562	0.187	0.372	0.199	0.865	-0.561	0.795	0.756	-0.334	-0.775	0.116	0.114	0.315
hsa-mir-30b-5p	mir-30-5p	-0.199	-0.374	-0.13	0.063	0.183	-0.893	-1.118	0.253	-0.025	0.354	0.28	0.148	1.668	-0.019	0.235	-0.476	0.05
hsa-mir-361-5p	mir-361-5p	0.211	-0.227	-0.198	-0.205	0.07	-0.212	-0.26	-0.909	0.594	-0.525	0.228	0.75	-0.076	0.047	0.346	-0.052	0.419
hsa-mir-222-3p	mir-221-3p/222-3p	0.186	-0.115	-0.372	-0.066	-0.415	-0.228	0.579	-0.656	0.391	-0.353	0.468	0.569	-0.29	-0.447	0.279	0.039	0.432
hsa-mir-181a-5p	mir-181-5p	0.14	-0.95	-0.335	-0.066	0.166	-0.046	-0.172	-0.193	0.432	-0.282	0.416	0.501	0.04	0.194	-0.085	0.148	0.091
hsa-mir-151a-5p	mir-151-5p	0.062	-0.226	-0.455	-0.438	0.11	-0.616	-0.307	-1.727	0.734	0.072	0.376	0.695	0.496	0.145	0.625	-0.166	0.618
hsa-mir-29a-3p	mir-29-3p	-0.061	0.23	0.142	0.801	0.111	0.179	-0.2	-0.311	-0.268	-0.557	0.504	0.406	-0.206	-0.074	-0.033	-0.333	-0.33
hsa-mir-374a-5p	mir-374-5p	-0.208	-0.858	0.264	0.534	0.066	-1.04	-1.346	-1.558	-0.473	0.733	0.775	-0.547	1.656	0.479	0.483	0.309	0.731
hsa-mir-140-3p	NA	0.239	-0.309	-0.014	0.182	0.425	0.082	0.835	0.625	-0.111	-0.156	-0.361	-0.064	-0.426	-0.268	-0.312	-0.196	-0.172
hsa-mir-425-5p	mir-425-5p	-0.034	-0.521	0.091	-0.02	0.264	0.13	0.294	-0.037	-0.18	-0.112	0.166	0.118	-0.069	0.003	-0.029	-0.148	0.083
hsa-mir-18a-5p	mir-18-5p	-0.331	-0.269	-0.368	0.069	0.14	-0.498	-0.066	0.087	0.063	-0.082	0.156	0.437	0.161	-0.586	0.339	0.307	0.442
hsa-mir-1290	mir-1290	-0.055	0.759	0.226	1.956	0.95	1.31	1.181	0.779	-1.151	-0.305	-0.824	-1.219	-1.202	-0.484	-1.115	0.032	-0.837
hsa-mir-130b-3p	mir-130-3p/301-3p/454-3p	0.633	-0.577	-0.067	-0.29	-0.213	-0.296	0.08	-0.444	0.067	-0.337	0.387	0.579	-0.282	0.046	0.287	0.138	0.287
hsa-mir-484	mir-484/3155	0.139	-0.07	0.006	-0.083	0.277	-0.163	0.382	0.548	0.198	-0.091	0.032	-0.149	-0.334	-0.278	-0.204	-0.177	-0.034
hsa-mir-335-5p	mir-335-5p	-0.589	0.017	0.173	-0.07	0.183	-0.664	-1.221	-1.838	0.788	-0.173	0.941	0.727	0.341	0.403	0.039	0.336	0.608
hsa-mir-199a-5p	mir-199-5p	0.254	0.134	0.342	-0.13	-0.526	-1.365	-1.129	-3.186	0.886	0.071	1.058	0.783	0.596	0.484	0.872	0.124	0.731
hsa-mir-30a-5p	mir-30-5p	-0.21	0.994	-1.034	-0.267	-0.333	0.944	1.307	2.005	-0.623	-0.275	-0.566	0.125	-0.577	-0.36	-0.836	-0.137	-0.156
hsa-mir-584-5p	mir-584-5p	1.214	0.192	-0.727	-0.88	-0.071	-0.85	-0.309	-1.603	1.046	-0.359	1.009	0.992	-0.316	-0.319	0.267	0.157	0.558
hsa-mir-186-5p	mir-186-5p	-0.115	-0.342	-0.018	0.321	-0.052	-0.225	-0.196	-0.016	0.285	0.004	0.176	0.601	-0.164	-0.357	0.202	-0.067	-0.036
hsa-mir-107	mir-103-3p/107	0.08	-1.043	-0.084	-0.072	0.215	-0.102	-0.465	-0.521	-0.262	0.461	0.178	0.256	0.871	-0.043	0.155	0.022	0.354
hsa-mir-30c-5p	mir-30-5p	-0.238	-0.609	0.655	-0.109	0.307	0.191	-0.53	0.628	-0.551	-0.026	-0.129	0.344	0.73	-0.231	0.102	-0.422	-0.112
hsa-mir-142-3p	NA	0.125	-0.449	0.411	-0.071	-0.05	-0.153	-1.112	-1.462	0.416	0.636	0.438	0.156	1.574	-0.192	0.183	-0.52	0.071
hsa-mir-150-5p	mir-150-5p	0.651	-0.605	0.891	2.058	0.893	0.736	0.329	-0.068	-0.872	-0.632	-0.867	-0.657	-0.211	0.103	-0.796	-0.389	-0.565
hsa-mir-340-5p	mir-340-5p	0.014	-0.409	-0.079	0.266	-0.39	-1.195	-0.978	-1.63	0.552	0.347	1.28	0.699	0.347	0.273	0.638	-0.091	0.356
hsa-mir-151a-3p	mir-151-3p	0.119	0.009	-0.686	-0.375	-0.121	-0.742	-0.389	-1.806	1.057	-0.241	0.816	0.97	0.099	0.033	0.461	-0.015	0.81
hsa-mir-10b-5p	mir-10-5p	0.057	-0.505	0.417	-0.177	0.38	0.934	0.305	0.588	-1.076	-0.135	-0.793	0.472	-0.145	0.79	-0.865	0.168	-0.416
hsa-mir-720 (v18)	NA	0.179	0.586	0.489	0.355	-0.461	1.15	0.886	2.621	-0.531	-0.379	-0.406	0.167	-0.956	-0.462	-1.778	-1.246	-0.214
hsa-mir-29c-3p	mir-29-3p	0.077	-0.097	0.387	0.432	-0.057	-0.019	-0.087	0.28	-0.335	-0.049	0.241	-0.193	0.124	-0.176	-0.059	0.017	-0.486
hsa-mir-99b-5p	mir-99-5p/100-5p	-0.17	-0.091	-1.063	-0.555	0.768	-0.315	-0.116	-1.167	0.967	-0.608	0.656	0.338	-0.919	0.345	1.054	-0.62	1.497
hsa-let-7d-3p	let-7d-3p	0.156	-0.182	-0.574	-0.199	-0.079	-0.601	-0.116	-0.681	0.768	-0.402	0.419	0.774	-0.239	0.2	0.437	-0.054	0.372
hsa-mir-134-5p	mir-134-5p	-0.646	0.293	-0.391	-0.709	-0.932	-0.944	-0.083	-2.121	1.948	-0.079	0.672	-0.139	0.227	-0.022	1.22	0.404	1.302
hsa-mir-128-3p	mir-128-3p	0.107	-0.483	-0.22	-0.063	-0.069	-0.604	-0.144	-0.439	0.285	-0.215	0.645	0.544	0.022	-0.065	0.335	0.043	0.32
hsa-mir-145-5p	mir-145-5p	-0.172	0.144	0.013	-0.311	-0.465	0.254	-0.446	-0.49	1.005	-0.247	-0.417	0.893	0.594	0.362	-0.774	0.605	-0.549
hsa-mir-148a-3p	mir-148-3p/152-3p	1.183	0.468	0.1	0.042	-0.813	0.215	-0.402	0.916	-0.587	-0.463	0.461	0.343	-0.131	-0.201	-0.108	-0.437	-0.587
hsa-mir-1275	mir-1275/4665-5p	0.768	-2.304	0.957	0.317	1.058	0.98	0.428	1.151	-0.273	0.021	-0.715	-0.797	-0.394	0.124	-0.805	-0.006	-0.51
hsa-mir-324-3p	mir-324-3p/1913	0.195	-0.02	-0.007	-0.183	0.066	0.346	0.377	0.662	0.282	-0.239	-0.303	0.142	-0.354	-0.229	-0.246	-0.154	-0.336
hsa-mir-194-5p	mir-194-5p	0.13	0.858	0.478	0.155	-0.185	0.997	0.774	3.252	-1.832	0.082	-1.095	-0.82	-0.067	-0.657	-0.87	-0.29	-0.91
hsa-mir-29b-3p	mir-29-3p	0.249	-0.26	0.841	0.649	0.013	0.199	-0.12	0.155	-0.697	0.123	-0.137	-0.534	0.579	-0.289	-0.197	-0.242	-0.332
hsa-mir-502-3p	mir-501-3p/502-3p	0.813	-0.477	-0.097	0.169	0.663	0.376	0.942	1.065	-1.105	-0.177	-0.579	-0.043	-0.284	-0.44	-0.435	-0.064	-0.33
hsa-mir-378a-3p	mir-378-3p	-0.535	1.062	-0.048	0.211	0.067	0.83	0.815	1.963	-0.571	-0.209	-0.505	-0.249	-0.697	-0.664	-0.576	-0.374	-0.522
hsa-mir-625-5p	mir-625-5p	-0.159	-0.043	-1.138	-0.171	0.501	-1.046	-0.494	-0.708	2.055	-0.323	0.118	0.625	-0.116	0.182	0.17	-0.153	0.7
hsa-mir-15b-3p	mir-15b-3p	-0.276	-0.225	0.456	0.493	-0.247	-0.096	0.117	0.507	-0.666	0.38	0.183	-0.113	0.145	-0.287	-0.074	0.228	-0.528
hsa-mir-10a-5p	mir-10-5p	-0.048	-0.322	-0.161	-0.289	0.139	0.366	-0.113	-0.398	0.267	-0.351	0.141	0.49	-0.124	0.229	0.036	-0.007	0.145
hsa-mir-125b-5p	mir-125-5p	-0.625	1.166	-0.216	-0.526	-0.333	1.26	0.96	2.802	-0.874	-0.798	-0.184	-0.372	-0.262	0.198	-0.723	-0.463	-1.009
hsa-mir-660-5p	mir-660-5p	-0.063	-0.133	0.371	0.018	0.673	0.533	0.867	0.716	-0.958	-0.019	-0.623	-0.392	-0.027	-0.131	-0.531	-0.051	-0.25
hsa-mir-501-3p	mir-501-3p/502-3p	0.234	-0.111	-0.104	0.248	0.647	0.438	0.766	0.87	-0.561	-0.014	-0.618	0.139	-0.412	-0.429	-0.604	-0.114	-0.375
hsa-mir-92b-3p	mir-25-3p/32-5p/92-3p/363-3p/367-3p	0.041	-0.226	-0.185	0.045	-0.062	0.164	0.906	0.737	-0.129	0.209	-0.303	-0.04	-0.227	-0.406	-0.426	-0.042	-0.055
hsa-mir-125a-5p	mir-125-5p	-0.094	-0.101	-0.917	-0.571	0.575	-0.01	-0.231	-0.787	0.762	-0.524	0.459	0.008	-0.775	0.251	1.185	-0.729	1.499
hsa-mir-148b-3p	mir-148-3p/152-3p	0.076	0.015	0.379	0.042	-0.761	-0.623	-0.821	-0.954	0.45	-0.008	0.992	0.421	0.247	-0.148	0.411	0.192	0.088
hsa-mir-99a-5p	mir-99-5p/100-5p	-0.63	1.374	-0.428	-0.193	-0.374	1.141	1.248	2.86	-0.803	-0.654	-0.209	-0.236	-0.531	-0.151	-1.048	-0.447	-0.92
hsa-mir-22-5p	mir-22-5p	0.234	-0.191	-0.275	-0.298	-0.181	-0.053	0.01	-0.425	-0.215	-0.095	0.39	0.518	0.063	0.138	0.309	0.295	-0.223
hsa-mir-193a-5p	mir-193a-5p	-1.143	1.943	-0.224	0.373	0.147	2.176	2.017	2.155	-1.3	-0.636	-1.102	-0.484	-0.747	-0.71	-1.147	-0.415	-0.903
hsa-mir-324-5p	mir-324-5p	0.179	-0.363	-0.426	-0.419	0.11	-0.291	-0.135	-0.009	0.999	-0.408	0.411	0.61	-0.008	-0.549	0.019	-0.273	0.551
hsa-mir-192-5p	mir-192-5p/215-5p	-0.743	1.547	0.501	0.575	0.119	1.196	1.098	2.863	-1.714	0.062	-0.943	-1.098	-0.558	-0.793	-0.812	-0.236	-1.065
hsa-mir-330-3p	mir-330-3p	0.488	0.12	-0.543	-0.104	-0.177	-0.56	-0.592	-2.689	1.346	-0.422	0.771	0.583	0.112	-0.055	0.691	0.246	0.786
hsa-mir-374b-5p	mir-374-5p	-0.165	-0.528	-0.165	-0.265	-0.526	-1.046	-0.693	-1.15	0.106	0.344	0.658	-0.093	1.962	0.109	0.429	0.949	0.074
hsa-mir-345-5p	mir-345-5p	0.061	0.185	-0.129	-0.062	0.1	0.359	0.124	0.653	0.271	-0.104	-0.26	0.081	-0.608	-0.23	-0.065	-0.311	-0.065
hsa-mir-365a-3p	mir-365-3p	-1.671	2.455	0.035	1.357	-0.018	2.191	1.613	2.433	-2.168	-1.004	-0.869	-0.689	-0.993	-0.295	-0.978	-0.194	-1.205
hsa-mir-143-3p	mir-143-3p	-0.299	0.329	0.351	-0.038	-1.54	-0.297	-1.136	-0.698	1.66	-0.301	0.13	1.323	0.382	0.248	-0.277	0.951	-0.787
hsa-mir-1246	mir-1246	-0.249	0.586	0.211	1.601	0.518	1.467	0.819	0.357	-1.417	-0.462	-0.515	-1.611	-0.789	0.198	-1.003	0.576	-0.288
hsa-mir-301a-3p	mir-130-3p/301-3p/454-3p	-0.034	-0.448	0.338	0.336	-0.32	-0.287	-0.444	-0.847	-0.08	0.022	0.438	-0.242	0.77	-0.112	0.335	0.277	0.299
hsa-mir-328-3p	mir-328-3p	0.33	0.037	-0.879	-0.069	-0.67	-0.89	0.01	-1.547	1.25	-0.637	0.755	0.918	0.346	-0.432	0.236	0.284	0.957
hsa-mir-28-3p	mir-28-3p	0.156	0.035	-0.501	-0.14	-0.451	-0.795	-0.42	-0.578	0.68	-0.414	0.704	0.733	0.199	-0.306	0.431	-0.049	0.717
hsa-mir-629-5p	mir-629-5p	-0.736	0.071	-0.67	0.101	-0.49	0.766	1.02	1.239	0.022	0.739	-1.507	0.57	-0.266	-1.148	0.364	-0.525	0.451
hsa-mir-338-3p	mir-338-3p	0.495	-0.004	-0.409	0.247	-0.949	-1.537	-2.515	-1.696	0.811	-0.081	0.715	0.885	0.776	-0.123	1.331	1.221	0.833
hsa-mir-18b-5p	mir-18-5p	-0.178	-0.531	0.271	0.201	0.341	-0.438	0.238	0.545	-0.345	0.074	-0.075	-0.036	-0.074	-0.334	0.087	0.144	0.111
hsa-mir-377-3p	mir-377-3p	-1.6	0.488	0.164	-0.602	-0.89	-1.165	-0.83	-1.88	1.655	-0.002	1.322	-0.337	0.785	0.055	1.601	0.004	1.232
hsa-mir-454-3p	mir-130-3p/301-3p/454-3p	0.248	-1.344	-0.042	0.236	0.248	0.428	-0.435	-0.611	-0.786	0.615	-0.421	-0.268	1.501	-0.046	-0.015	0.517	0.174
hsa-mir-532-5p	mir-532-5p	0.135	-0.414	0.026	0.003	0.597	0.486	0.554	0.778	-0.877	-0.029	-0.584	-0.23	0	-0.013	-0.235	-0.079	-0.118
hsa-mir-106b-3p	mir-106b-3p	-0.021	-0.583	-0.245	-0.243	0.147	-0.474	-0.087	-0.004	0.664	-0.141	0.311	0.553	-0.027	-0.068	0.065	-0.156	0.31
hsa-mir-369-3p	mir-369-3p	-0.343	0.389	-0.558	-0.167	-1.293	-1.346	-0.392	-1.717	1.542	-0.078	1.124	-0.94	0.287	0.029	1.464	0.736	1.263
hsa-mir-33a-5p	mir-33-5p	0.157	0.109	0.07	-0.113	-0.423	-0.549	-1.143	-1.982	0.953	0.084	1.123	0.731	0.167	0.068	0.56	-0.203	0.391
hsa-mir-30e-3p	mir-30-3p	0.174	-0.504	-0.841	-0.133	0.89	-0.72	-0.765	0.353	0.522	-0.073	0.143	0.37	0.462	-0.125	0.24	-0.182	0.189
hsa-mir-197-3p	mir-197-3p	0.051	-0.165	-0.224	0.343	-0.293	-0.258	-0.115	-0.772	0.609	-0.633	0.244	0.538	-0.232	0.133	0.506	0.011	0.257
hsa-mir-1280 (v18)	NA	1.847	0.051	-0.221	0.261	-0.323	-0.788	-0.441	-0.638	0.249	-0.065	0.162	0.264	-0.389	-0.134	0.157	-0.019	0.027
hsa-mir-139-5p	mir-139-5p	0.876	-0.315	-0.691	0.342	0.187	-0.002	0.023	-1.37	-0.23	-0.542	-0.079	0.405	0.005	0.075	0.671	-0.058	0.703
hsa-mir-495-3p	mir-495-3p	-0.552	0.239	-0.261	-0.349	-0.731	-1.213	-1.328	-2.573	1.188	0.276	0.724	-0.017	1.094	0.219	1.423	0.615	1.247
hsa-let-7e-5p	let-7-5p/98-5p	0.753	-1.078	-1.32	-0.082	0.806	-0.778	0.534	-0.072	-0.239	1.021	-0.405	0.326	-0.694	-0.068	0.567	0.275	0.454
hsa-mir-590-5p	mir-21-5p/590-5p	-0.033	-0.05	0.295	0.14	-0.269	-0.429	-0.092	-0.158	0.345	-0.114	0.466	0.191	0.157	-0.371	0.135	-0.17	-0.044
hsa-mir-337-5p	mir-337-5p	-1.062	0.607	-0.472	-0.714	-0.598	-1.067	0.093	-1.147	1.729	-0.256	0.346	-0.325	0.206	-0.222	1.366	0.089	1.428
hsa-mir-450a-5p	mir-450-5p	-0.395	-2.659	0.527	1.179	0.408	-0.349	-0.493	-1.014	0.585	0.621	-0.138	0.72	0.095	0.305	0.789	-0.215	0.034
hsa-mir-620	mir-1270	-1.342	-1.675	0.808	0.298	1.313	0.542	0.497	1.722	-0.835	0.334	-0.268	-0.499	0.258	0.093	-0.408	-0.39	-0.45
hsa-mir-409-3p	mir-409-3p	-1.115	0.418	-0.578	-0.64	-0.866	-0.907	-0.242	-1.707	2.339	0.047	0.441	-0.178	0.408	-0.344	1.315	0.079	1.53
hsa-mir-493-5p	mir-493-5p	-1.093	0.22	-0.337	-0.398	-0.343	-1.549	-0.883	-2.201	1.623	0.422	0.837	-0.265	0.716	-0.019	1.582	0.283	1.405
hsa-mir-421	mir-421	-0.065	-0.349	-0.086	0.049	-0.007	-0.097	0.09	-0.217	0.192	-0.05	0.526	0.244	-0.643	-0.043	0.243	0.071	0.142
hsa-mir-132-3p	mir-132-3p/212-3p	0.153	-0.506	-0.301	0.064	-0.087	0.004	0.295	0.158	0.309	-0.297	0.156	0.235	-0.252	0.064	0.014	0.052	-0.06
hsa-mir-152-3p	mir-148-3p/152-3p	0.379	0.086	-0.39	-0.659	0.307	-0.602	-0.742	-0.641	0.837	-0.442	0.688	1.002	0.037	-0.462	0.493	-0.335	0.444
hsa-mir-425-3p	mir-425-3p	0.196	-0.291	-0.545	-0.088	-0.097	-0.761	-0.23	-1.299	0.824	-0.196	0.71	0.692	0.157	0.073	0.439	-0.017	0.434
hsa-mir-93-3p	mir-93-3p	-0.351	-0.403	-0.183	0.144	0.135	-0.338	0.473	0.674	-0.099	0.079	0.005	-0.087	-0.083	-0.173	0.117	0.083	0.005
hsa-mir-432-5p	mir-432-5p	-0.909	0.268	-0.386	-0.634	-0.724	-1.058	-0.508	-1.559	2.159	0.296	-0.067	-0.325	0.452	-0.147	1.358	0.27	1.514
hsa-mir-382-5p	mir-382-5p	-0.917	0.105	-0.494	-0.671	-1.138	-1.107	-0.325	-1.941	1.851	-0.025	0.595	-0.063	0.411	0.051	1.51	0.501	1.656
hsa-mir-487b-3p	mir-487-3p	-1.195	0.074	-0.644	-0.347	-0.408	-0.974	-0.485	-2.189	1.673	0.199	0.616	-0.736	0.513	0.066	1.745	0.245	1.845
hsa-mir-133b	mir-133a-3p.2/133b	0.572	2.12	-1.133	-1.042	-0.22	-1.127	-1.027	-1.689	1.464	0.469	1.512	0.958	-0.923	0.403	-0.616	0.787	-0.508
hsa-mir-17-3p	mir-17-3p	-0.092	-0.254	-0.395	-0.026	-0.065	-0.24	0.462	1.099	0.327	-0.335	0.143	0.231	-0.256	-0.11	-0.239	-0.498	0.247
hsa-mir-431-5p	mir-431-5p	-0.905	0.327	-0.47	-0.393	-0.645	-1.313	-0.336	-1.7	1.651	0.357	0.475	-0.141	0.664	-0.156	1.191	0.067	1.326
hsa-mir-133a-3p	NA	0.678	1.933	-1.022	-1.196	-0.269	-1.342	-0.994	-1.719	1.46	0.244	1.82	0.817	-0.936	0.701	-0.329	0.575	-0.421
hsa-mir-196b-5p	mir-196-5p	-0.014	0.527	-0.364	0.167	-0.054	-0.247	-0.263	0.184	0.394	0.172	-0.103	0.114	-0.007	-0.34	0.121	-0.363	0.077
hsa-mir-32-5p	mir-25-3p/32-5p/92-3p/363-3p/367-3p	-0.143	-0.194	0.918	0.109	-0.899	-0.658	-0.757	-0.168	-0.247	0.738	0.823	-0.324	1.252	-0.465	0.262	-0.207	-0.038
hsa-mir-1-3p	mir-1-3p/206	0.674	1.851	-0.693	-0.26	-0.307	-2.181	-2.299	-3.211	1.071	0.637	2.074	1.127	-0.358	1.191	-0.32	1.203	-0.199
hsa-mir-96-5p	mir-96-5p/1271-5p	-0.096	-0.025	0.933	1.83	0.127	-0.282	1.222	1.365	-2.608	0.825	-1.224	-1.966	1.011	-0.819	-0.682	1.758	-1.366
hsa-mir-224-5p	mir-224-5p	-0.458	-0.901	-0.111	-0.906	0.372	-1.027	-0.281	-2.882	1.067	-0.709	1.929	0.787	0.926	0.849	0.71	-0.233	0.867
hsa-mir-28-5p	mir-28-5p/708-5p	0.195	-0.581	-0.533	-0.099	-0.346	-0.718	-0.654	-0.812	0.625	0.005	0.435	0.9	0.786	-0.19	0.323	0.005	0.659
hsa-mir-4732-3p	mir-4732-3p	0.918	-0.121	0.251	0.014	0.824	0.743	1.018	1.012	-1.246	0.456	-1.168	-0.533	-0.203	-0.377	-0.706	-0.25	-0.632
hsa-mir-576-5p	mir-576-5p	0.052	-0.321	0.683	0.769	0.059	0.324	0.135	0.421	-0.667	0.019	-0.238	-0.377	-0.173	0.001	0.118	-0.153	-0.651
hsa-mir-103a-2-5p	mir-103a-2-5p	0.217	-0.439	-0.032	-0.054	-0.103	-0.345	-0.159	-0.315	-0.102	-0.181	0.238	0.103	0.723	0.052	0.3	-0.043	0.139
hsa-mir-195-5p	mir-15-5p/16-5p/195-5p/424-5p/497-5p	0.468	-0.305	-0.025	0.056	-0.275	0.144	-0.814	0.142	0.011	-0.17	0.009	0.253	-0.147	0.125	0.29	0.153	0.087
hsa-mir-483-5p	mir-483-5p	-1.464	2.199	-0.236	0.048	0.024	2.089	2.09	2.99	-1.11	-0.55	-1.185	0.215	-1.385	-1.419	-1.288	-0.155	-0.864
hsa-mir-339-3p	mir-339-3p	0.545	-0.142	-0.79	-0.336	-0.082	-1.304	-0.341	-1.189	1.082	-0.545	0.672	0.872	-0.055	0.188	0.489	0.184	0.754
hsa-mir-381-3p	mir-381-3p	-0.985	0.676	-0.486	-0.539	-0.651	-0.766	-0.328	-1.447	1.727	0.174	0.238	0.13	0.254	-0.546	1.343	-0.227	1.433
hsa-mir-874-3p	mir-874-3p	0.505	-0.799	-0.492	0.065	0.41	0.277	0.802	0.218	-0.219	1.598	-0.378	-0.396	-0.328	-0.472	-0.565	0.203	-0.429
hsa-mir-154-5p	mir-154-5p	-0.882	0.069	-0.548	-0.753	-0.606	-0.905	-0.24	-2.183	1.914	0.082	0.341	0.015	0.167	0.018	1.564	0.485	1.461
hsa-mir-127-3p	mir-127-3p	-1.215	0.341	-0.578	-0.278	-0.703	-0.773	-0.687	-1.3	1.869	0.696	0.061	-0.245	0.403	-0.332	1.475	-0.078	1.343
hsa-mir-34a-5p	mir-34-5p/449-5p	-0.575	2.655	-0.494	-0.028	-0.432	1.199	1.533	2.078	-0.597	-1.046	-0.804	0.245	-0.64	-0.451	-1.374	-0.27	-1
hsa-mir-424-5p	mir-15-5p/16-5p/195-5p/424-5p/497-5p	-0.161	-1.487	0.757	0.809	-0.013	-0.82	-0.55	-0.821	-0.186	0.35	-0.286	0.502	0.135	0.595	0.426	0.427	0.324
hsa-mir-374c-5p	mir-655-3p	-0.362	-0.252	0.055	0.055	-0.044	-0.589	-1.477	-1.646	0.596	0.744	0.607	0.603	0.995	-0.17	0.714	-0.098	0.268
hsa-mir-769-5p	mir-769-5p	0.795	-0.514	-0.826	-0.208	0.288	-0.222	-0.545	-0.675	0.934	-0.38	0.354	0.911	-0.265	0.101	0.187	-0.289	0.353
hsa-mir-141-3p	mir-141-3p/200a-3p	0.468	-0.108	0.37	0.32	0.376	0.006	0.069	-0.699	0.419	-0.694	-0.226	0.526	-0.039	0.013	-0.494	-0.214	-0.094
hsa-mir-337-3p	mir-337-3p	-1.577	0.502	0	-0.011	-1.153	-0.877	-0.932	-1.762	1.644	-0.426	0.906	-0.007	0.943	-0.062	1.447	-0.116	1.481
hsa-mir-181d-5p	mir-181-5p	0.178	-0.205	-0.279	-0.854	0.031	-0.965	-0.879	-2.065	1.852	0.005	0.741	0.592	0.136	0.107	0.339	0.219	1.046
hsa-mir-4732-5p	mir-4732-5p	0.22	0.343	0.101	-0.153	0.223	1.152	0.781	1.059	-1.243	0.547	-1.035	-0.558	-0.238	-0.173	-0.859	-0.054	-0.112
hsa-mir-497-5p	mir-15-5p/16-5p/195-5p/424-5p/497-5p	0.053	-0.189	0.244	-0.291	0.018	0.278	0.048	0.12	0.002	-0.502	-0.062	0.576	-0.212	0.175	-0.107	0.137	-0.288
hsa-mir-181c-5p	mir-181-5p	0.091	-0.404	-0.222	-0.668	-0.076	-0.859	-0.685	-1.961	1.082	0.098	0.903	0.71	0.197	0.35	0.592	0.253	0.601
hsa-mir-193b-3p	mir-193-3p	-1.277	3.744	-0.204	0.914	-0.053	2.768	2.664	4.014	-1.839	-1.953	-1.907	-1.335	-1.171	-1.344	-1.503	-0.796	-0.72
hsa-mir-375	mir-375	-0.433	-0.114	0.311	-0.522	0.483	1.238	1.678	1.824	-0.997	-0.166	-1.434	2.124	-0.308	-0.55	-1.742	-0.108	-1.284
hsa-mir-551b-3p	mir-551-3p	0.175	0.501	-0.178	-0.934	-0.23	-1.152	-0.428	-2.059	1.338	0.468	0.888	0.31	0.278	0.114	0.424	-0.083	0.568
hsa-mir-518a-5p	mir-518a-5p/527	-1.427	4.128	-0.634	1.07	-1.664	1.268	-0.598	-0.155	0.689	-1.377	-0.631	0.626	-0.103	-2.93	-0.459	0.425	1.771
hsa-mir-505-3p	NA	-0.221	0.394	-0.211	0.098	-0.243	0.811	0.473	0.567	-0.174	-0.281	-0.252	0.11	-0.119	-0.342	-0.344	-0.252	-0.014
hsa-mir-15a-3p	mir-15a-3p	-0.025	0.034	0.02	0.034	0.345	-0.773	0.455	-0.576	0.43	0.401	0.731	-1.012	0.191	-0.404	0.258	-0.3	0.19
hsa-mir-21-3p	mir-21-3p/3591-3p	0.241	-0.295	-0.139	0.134	-0.007	-0.883	-0.378	-1.11	0.419	-0.122	0.852	0.617	0.22	0.093	0.42	-0.153	0.091
hsa-mir-376b-3p	mir-376-3p	-0.959	0.452	-0.077	-0.157	-1.11	-1.126	-1.467	-1.783	1.141	0.554	0.947	-0.11	1.098	-0.067	0.966	0.418	1.28
hsa-mir-550a-3p	mir-200c-5p/550a-3p	0.428	-0.239	0.156	0.228	0.732	-0.011	0.902	1.117	-1.612	0.366	-0.562	-0.815	0.108	-0.223	-0.379	0.098	-0.296
hsa-mir-29b-2-5p	mir-29b-2-5p	0.029	-0.279	0.074	0.023	0.159	0.125	0.312	0.223	-0.151	0.275	-0.137	0.017	-0.044	-0.201	-0.307	-0.045	-0.074
hsa-mir-183-5p	NA	0.241	-0.546	0.297	1.178	0.578	0.162	0.529	0.665	-2.648	0.539	-1.487	-0.719	1.402	-0.574	-0.967	1.831	-0.482
hsa-mir-483-3p	NA	-0.342	1.095	0.185	0.163	0.218	1.603	0.759	2.305	-1.054	-0.642	-0.69	-0.701	-1.257	-0.048	-0.97	0.136	-0.76
hsa-mir-136-3p	mir-136-3p	-1.042	0.691	0.532	-0.132	-0.994	-1.124	-0.712	-1.296	1.423	0.215	0.766	-0.584	0.55	-0.231	1.417	-0.325	0.845
hsa-mir-1224-3p	mir-1224-3p	1.025	-1.491	0.97	-1.135	1.099	-0.105	-0.042	1.394	-0.453	-0.226	-0.381	-0.913	-0.149	0.417	-0.409	0.614	-0.215
hsa-mir-628-3p	mir-628-3p	0.471	-0.565	-0.459	-0.254	-0.172	-0.489	-0.311	-1.154	0.46	-0.22	0.318	0.684	0.047	0.119	0.785	-0.063	0.804
hsa-let-7a-3p	let-7a-3p/let-7b-3p/let-7f-1-3p/98-3p	-0.318	0.242	0.873	0.191	-0.44	-0.035	-0.552	-0.011	-0.338	0.215	0.695	-0.089	0.501	-0.22	0.237	-0.483	-0.468
hsa-mir-532-3p	mir-532-3p	0.175	0.024	-0.065	0.469	0.225	0.378	0.875	0.948	0.234	-0.109	0.065	-3.702	0.301	-0.204	-0.116	0.103	0.401
hsa-mir-296-3p	mir-296-3p	1.371	-0.882	1.248	0.541	0.627	-0.239	0.484	1.291	-0.458	-0.094	-0.485	-1.199	-0.951	0.905	-0.285	0.114	-1.988
hsa-let-7b-3p	let-7a-3p/let-7b-3p/let-7f-1-3p/98-3p	-0.311	0.052	0.298	0.133	0.051	0.678	0.048	0.621	-0.505	-0.333	0.117	0.075	-0.255	0.007	0.15	-0.334	-0.495
hsa-mir-503-5p	mir-503-5p	0.286	-1.575	0.354	0.161	0.022	-1.412	-0.026	-2.006	0.86	-0.327	-0.883	1.268	0.002	0.241	0.873	0.702	1.461
hsa-mir-200c-3p	mir-200bc-3p/429	0.371	-0.42	-0.332	-0.094	0.498	-0.452	-0.555	-1.681	0.666	-0.172	0.104	0.77	0.351	0.18	0.346	0.023	0.398
hsa-mir-23a-5p	mir-23-5p	0.379	-0.386	-0.726	-0.476	0.091	-0.239	-0.199	-1.583	1.223	-0.477	0.689	0.742	-0.149	0.117	0.55	-0.12	0.562
hsa-mir-188-5p	mir-188-5p	0.102	0.161	0.166	-0.227	0.436	0.689	0.723	0.347	-1.07	0.161	-0.438	-0.195	-0.083	0.009	-0.53	0.129	-0.38
hsa-mir-7-1-3p	mir-7-3p	-0.084	-0.301	0.13	0.262	-0.23	-0.31	-0.576	-0.521	0.511	0.137	0.314	0.197	0.06	0.086	0.331	-0.021	0.017
hsa-mir-136-5p	mir-136-5p	-1.242	0.785	0.463	-0.393	-0.818	-1.037	-1.207	-1.889	1.385	0.869	0.779	-0.969	1.429	-0.176	1.257	-0.307	1.071
hsa-mir-485-3p	mir-539-3p	-0.704	-0.048	-0.686	-0.063	-0.762	-1.223	-0.435	-2.194	1.96	-0.263	0.461	-0.529	0.865	0.152	1.349	0.753	1.368
hsa-mir-2355-5p	mir-2355-5p	0.321	0.131	-0.222	0.153	-0.618	-0.728	-0.786	-1.816	0.708	-0.028	1.277	0.917	-0.226	0.563	0.973	-0.926	0.305
hsa-mir-223-5p	mir-223-5p	0.169	-0.585	-0.285	0.167	-0.02	0.189	-0.559	-0.771	0.465	-0.275	0.15	0.787	-0.346	0.297	0.537	-0.129	0.208
hsa-mir-23c	mir-23-3p	-0.292	-0.684	-0.687	0.118	0.537	-0.947	-0.373	1.706	0.129	0.212	0.205	-0.341	0.729	0.04	0.145	-0.703	0.207
hsa-mir-296-5p	mir-296-5p	-0.107	-0.925	-0.29	-0.209	0.26	0.743	1.032	0.925	-1.379	0.287	-0.144	0.536	-0.084	0.081	-0.02	-0.088	-0.617
hsa-mir-181b-5p	mir-181-5p	0.554	-1.356	0.225	0.506	0.267	0.079	-0.547	-0.365	-0.15	-0.373	0.459	0.354	0.02	0.165	-0.127	0.221	0.069
hsa-mir-101-5p	mir-101-5p	-0.343	-0.472	0.495	0.34	-0.229	0.082	-0.302	0.578	-0.165	0.145	0.12	-0.093	0.417	0.204	-0.292	-0.185	-0.298
hsa-mir-627-5p	mir-627-5p	-0.531	0.167	0.344	0.41	-0.516	-0.862	0.587	0.714	-1.007	-0.849	0.331	0.431	-0.145	0.331	0.394	0.038	0.165
hsa-mir-500b-5p	mir-500a-5p	0	-0.392	0.273	0.033	0.467	0.713	0.494	0.641	-0.229	0.29	-0.942	-0.491	0.015	-0.083	-0.4	0.074	-0.462
hsa-mir-342-5p	mir-342-5p/4664-5p	0.144	-1.156	0.29	1.11	0.02	0.522	0.334	0.133	0.245	0.262	-0.291	-0.095	-0.183	-0.161	-0.344	-0.449	-0.38
hsa-mir-221-5p	mir-221-5p/8073	-0.291	-0.688	-0.195	-0.105	-0.458	-0.34	-0.569	-1.639	-0.096	0.355	0.895	0.713	0.739	0.569	0.457	0.135	0.519
hsa-mir-550a-5p	mir-550a-3-5p/550a-5p/1271-3p	0.262	-0.592	-0.287	-0.102	0.71	0.152	0.772	1.519	-0.478	0.129	-0.472	-0.335	0.033	-0.618	-0.399	-0.18	-0.114
hsa-mir-500a-5p	mir-500a-5p	0.191	-0.873	0.306	0.027	0.167	0.786	0.129	0.574	-1.055	0.543	-0.545	-0.172	0.557	-0.501	-0.373	0.447	-0.21
hsa-mir-29c-5p	mir-29c-5p	-0.368	-0.101	0.343	0.154	-0.211	-0.955	-0.048	0.634	0.211	0.343	0.416	-0.838	0.141	-0.057	0.299	-0.037	0.075
hsa-mir-664a-3p	mir-664a-3p	-0.09	-0.498	-0.305	0.075	-0.061	-0.451	-1	-0.56	0.382	0.251	0.706	0.347	0.847	0.021	0.327	-0.149	0.159
hsa-mir-10a-3p	mir-10a-3p	-0.079	-0.115	0.357	-0.184	-0.35	0.267	-0.421	-0.516	0.374	0.118	0.231	0.436	-0.77	0.278	0.336	0.383	-0.345
hsa-mir-20a-3p	mir-20a-3p	0.073	0.504	0.29	-0.884	-0.073	1.029	0.558	-0.476	-0.01	-0.352	-0.831	-0.112	0.933	0.192	-1.001	0.828	-0.669
hsa-mir-501-5p	mir-501-5p	0.252	-0.687	0.05	0.388	0.609	0.553	0.635	0.631	-0.51	0.387	-0.737	-0.289	-0.119	-0.391	-0.632	0.211	-0.351
hsa-mir-323a-3p	mir-323-3p	-0.943	0.276	-0.579	-0.36	-0.742	-0.996	-0.127	-1.914	1.725	0.31	0.562	-0.043	0.081	-0.506	1.474	0.146	1.635
hsa-mir-1285-3p	mir-612/1285-3p/3187-5p/5189-5p/6860	0.021	-0.577	0.398	0.092	1.208	0.183	0.312	0.324	-0.487	-0.107	-0.058	-0.15	-0.305	-0.005	-0.52	-0.064	-0.265
hsa-mir-500a-3p	mir-500a-3p	-0.215	-0.423	-0.287	0.204	0.629	-0.108	0.961	0.825	-0.252	-0.187	-0.047	-0.5	-0.252	-0.231	-0.226	-0.122	0.232
hsa-mir-215-5p	mir-192-5p/215-5p	-0.526	1.31	0.395	0.599	-0.486	1.501	0.515	2.676	-1.791	0.073	-0.587	-0.138	-0.975	-1.179	-0.418	-0.101	-0.869
hsa-mir-338-5p	mir-338-5p	0.359	-0.623	-0.034	0.354	-0.251	-0.301	-1.056	-0.301	0.336	-0.097	0.605	0.81	-0.521	-0.103	0.195	0.378	0.25
hsa-mir-4257	mir-4257	2.341	0.775	-2.105	-3.123	2.074	-1.26	-0.306	-2.423	2.471	2.979	0.691	-1.47	-2.901	0.633	0.754	1.123	-0.252
hsa-mir-205-5p	mir-205-5p	-0.112	0.085	0.845	-0.638	1.129	0.424	0.15	0.825	-0.873	-0.724	-1.103	1.097	-0.509	1.037	-0.967	0.154	-0.822
hsa-let-7g-3p	let-7a-2-3p/let-7g-3p	0.071	-0.191	0.721	0.337	-0.768	-0.824	0.216	0.656	0.72	0.539	-0.225	-0.124	-0.395	0.116	-0.018	-1.092	0.262
hsa-mir-589-5p	mir-589-5p	0.01	-0.025	0.06	0.14	0.099	0.177	0.163	0.534	-0.166	0.268	-0.206	0.116	-0.39	-0.423	-0.128	-0.1	-0.129
hsa-mir-491-5p	mir-491-5p	0.237	-0.409	-0.504	-0.287	-0.056	-0.475	-0.453	-2.102	0.891	-0.268	0.456	0.484	0.391	-0.278	1.015	0.292	1.067
hsa-mir-135a-5p	mir-135-5p	-0.05	-0.306	-0.176	0.226	-0.018	-0.365	-0.077	-0.574	0.456	0.405	0.091	0.105	0.27	-0.995	0.472	0.297	0.24
hsa-mir-379-5p	mir-379-5p	-1.021	-0.338	-0.537	-0.494	-0.555	-0.415	-0.678	-1.928	1.084	0.71	0.425	-0.221	1.276	-0.382	1.353	0.227	1.494
hsa-mir-331-5p	mir-331-5p	-0.234	-0.109	-0.182	-0.187	0.282	-0.073	0.589	0.496	0.297	0.043	-0.592	-0.091	-0.258	-0.062	-0.079	-0.001	0.161
hsa-mir-378a-5p	mir-378a-5p	-0.338	0.863	-0.328	0.158	0.089	0.672	1.05	2.061	-0.485	-0.551	-0.581	-0.068	-0.504	-0.53	-0.612	-0.349	-0.547
hsa-mir-335-3p	mir-335-3p	-1.514	-0.161	0.562	-0.079	0.303	-1.211	-1.471	-2.157	-0.007	-0.529	1.079	0.257	1.356	0.592	1.775	0.01	1.194
hsa-mir-199b-5p	mir-199-5p	-0.496	-0.492	-0.038	1.466	-0.6	0.778	-1.462	-0.031	-0.043	0.21	0.155	-0.093	0.101	0.279	0.286	-0.057	0.035
hsa-mir-579-3p	mir-579-3p	0.707	-0.102	-0.528	0.28	0.265	-1.422	-0.944	1.054	-0.467	0.594	0.325	-0.278	-0.228	0.051	0.502	0.11	0.079
hsa-mir-651-5p	mir-651-5p	0.212	0.718	0.726	0.698	0.313	0.561	-2.011	-1.806	-0.51	0.598	0.92	0.707	-0.688	-0.317	-0.112	0.6	-0.609
hsa-mir-100-5p	mir-99-5p/100-5p	-0.303	1	-0.456	-0.005	0.11	0.773	1.228	4.84	-2.044	-1.236	-0.999	0.246	0.284	0.094	-1.825	-0.276	-1.429
hsa-mir-206	mir-1-3p/206	0.77	4.417	-0.733	-1.514	1.813	1.553	0.147	0.397	-2.596	-0.971	-1.253	-1.562	0.603	-0.77	-0.259	0.217	-0.26
hsa-mir-150-3p	mir-150-3p	0.818	-0.221	0.578	1.743	0.293	0.982	0.49	0.283	-0.395	-1.15	-0.731	-0.378	-0.557	0.352	-1.157	-0.629	-0.32
hsa-mir-214-3p	mir-214-3p/3619-5p	-0.087	0.027	0.138	-0.415	0.19	1.264	0.6	0.892	-1.265	-0.173	-0.423	-0.146	-0.023	0.836	-0.985	0.156	-0.586
hsa-mir-1296-5p	mir-1296-5p	-0.169	-0.918	-0.18	-0.259	-0.063	-0.044	-0.02	-0.765	1.115	0.192	0.299	0.466	-0.022	0.024	0.104	-0.253	0.492
hsa-mir-518f-5p	mir-518d-5p/519-5p	-0.037	0.687	0.287	-0.036	0.066	1.025	0.314	1.004	-0.812	0.151	-0.879	-0.558	0.228	0.262	-0.442	-0.708	-0.551
hsa-mir-654-5p	mir-654-5p	-0.37	0.445	-0.63	-0.994	-0.111	-0.664	-0.853	-1.598	1.818	0.438	-0.112	0.066	0.068	0.382	0.988	-0.315	1.441
hsa-mir-2355-3p	mir-2355-3p	0.538	-0.46	-0.053	-0.288	-0.148	-0.592	-0.904	-1.644	0.817	-0.151	0.704	0.539	-0.097	0.662	0.734	-0.005	0.349
hsa-mir-200b-3p	mir-200bc-3p/429	-0.041	0.118	0.027	-0.29	-0.18	0.636	-0.487	1.563	-0.149	-0.247	-0.216	0.784	-0.294	-0.278	-0.239	0.146	-0.851
hsa-mir-181a-2-3p	mir-181a-2-3p	1.115	0.142	0.375	-0.059	-0.021	0.203	-0.264	-0.205	-0.289	-0.027	-0.436	0.079	0.06	0.003	0.099	-0.407	-0.368
hsa-mir-204-5p	mir-204-5p/211-5p	-0.182	0.632	-0.98	-1.019	0.119	-0.192	-1.477	1.938	-0.278	1.062	-0.214	-0.426	0.416	-0.234	0.716	0.16	-0.039
hsa-mir-1271-5p	mir-96-5p/1271-5p	0.249	-0.116	-0.577	-0.511	-0.012	-0.31	0.084	-0.594	0.451	-0.748	0.25	0.624	-0.109	0.198	0.664	-0.294	0.751
hsa-mir-1825	mir-1825	0.236	-1.565	0.828	0.96	0.365	0.968	0.694	1.165	-0.182	-0.302	-0.127	-1.398	-0.164	0.083	-1.049	-0.207	-0.304
hsa-mir-362-3p	mir-329-3p/362-3p	-0.1	0.213	0.563	0.549	-0.08	0.155	0.245	0.599	-1.121	0.322	-0.366	-0.177	0.21	0.312	-0.308	-0.079	-0.937
hsa-mir-182-5p	mir-182-5p	-0.178	-1.041	-0.027	0.861	0.182	-0.125	-0.128	-0.247	-0.811	1.217	-1.213	-0.588	2.077	-0.306	-0.627	1.617	-0.66
hsa-mir-145-3p	mir-145-3p	0.013	0.862	-0.402	0.329	0.927	0.5	-2.784	1.581	0.769	1.553	0.061	-1.053	-1.487	0.998	-0.581	-0.794	-0.492
hsa-let-7f-1-3p	let-7a-3p/let-7b-3p/let-7f-1-3p/98-3p	-0.266	-0.061	0.404	0.296	-0.402	-0.04	-0.44	-0.421	-0.216	-0.018	0.827	0.188	0.22	-0.028	0.44	-0.184	-0.3
hsa-mir-598-3p	mir-598-3p	0.282	-0.254	0.068	0.545	-0.428	-0.627	-0.429	-0.58	0.203	-0.218	0.637	0.04	0.423	0.332	-0.129	0.203	-0.066
hsa-mir-130b-5p	mir-130b-5p	0.082	-0.371	0.064	-0.005	-0.448	-0.767	-0.59	-1.665	0.173	-0.26	1.088	0.918	0.467	0.038	0.654	0.255	0.369
hsa-mir-18a-3p	mir-18a-3p	-0.126	-0.605	-0.49	0.248	0.497	-0.115	0.887	0.676	-0.019	-0.234	-0.409	-0.211	0.109	-0.475	-0.124	-0.007	0.399
hsa-mir-30a-3p	mir-30-3p	0.143	0.162	-0.148	-0.55	0.161	0.387	0.453	2.126	-0.416	-0.196	-0.636	-0.023	-0.699	-0.135	-0.4	-0.134	-0.094
hsa-mir-297	mir-297	0.685	0.275	0.78	0.294	-0.084	1.264	0.54	0.73	0.363	0.013	-1.028	-1.539	-0.366	-0.515	-0.848	-0.303	-0.26
hsa-mir-219a-5p	mir-219-5p	0.494	-0.435	0.353	-0.045	-0.398	-0.334	-0.989	0.146	-0.155	-0.149	0.459	-0.033	0.624	0.019	0.482	-0.009	-0.029
hsa-mir-191-3p	mir-191-3p	0.052	0.975	-0.259	-0.214	-0.167	-0.02	0.314	-0.603	-0.405	0.664	-0.092	0.401	-0.225	0.467	-0.937	0.066	-0.016
hsa-mir-29a-5p	mir-29a-5p	-0.178	-0.242	0.485	0.874	-0.309	0.077	-0.65	-0.135	-0.236	0.394	0.458	0.358	0.431	-0.236	0.211	-1.353	0.049
hsa-mir-539-5p	mir-539-5p	-1.226	-0.341	-0.777	-0.393	-0.227	-0.778	-0.369	-1.896	1.489	1.108	-0.044	-0.317	1.069	0.045	1.409	-0.06	1.307
hsa-mir-650	mir-3612	0.532	0.492	1.425	0.073	-0.257	0.635	0.029	0.974	-0.973	-0.993	0.115	-0.009	-1.259	-0.112	-0.142	-0.447	-0.086
hsa-mir-454-5p	mir-454-5p	0.116	-0.524	0.5	0.658	-0.102	-0.097	0.153	-0.234	-0.324	-0.19	0.453	0.167	0.216	-0.899	0.425	0.081	-0.395
hsa-mir-369-5p	mir-369-5p	-0.955	-0.14	0.514	-0.251	-0.829	-1.189	-0.59	-1.804	1.582	0.028	0.865	-0.148	0.238	-0.097	1.482	0.368	0.927
hsa-mir-411-5p	NA	-0.59	0.175	-0.806	-0.588	-0.639	-1.137	-0.785	-1.675	1.076	0.938	0.589	-0.263	1.472	-0.473	1.304	0.135	1.268
hsa-mir-374a-3p	mir-374a-3p	-0.122	-0.658	0.934	0.559	-0.105	0.313	-0.622	0.34	-0.547	1.134	0.054	-0.291	1.256	-0.801	-0.312	-0.123	-1.009
hsa-mir-487a-3p	mir-154-3p/487-3p	-0.819	-0.294	0.044	-0.324	-0.476	-0.849	-1.061	-1.727	1.075	0.312	0.345	-0.596	0.756	0.528	1.271	0.78	1.034
hsa-mir-1254	mir-1254/3116	-0.478	2.153	-0.654	-0.641	0.22	-0.144	0.086	2.491	2.528	-0.695	0.239	-0.805	-1.12	-0.533	-1.273	-0.48	-0.894
hsa-mir-301b-3p	mir-130-3p/301-3p/454-3p	-0.042	-0.429	0.028	0.501	-0.551	-0.895	-1.12	-1.613	0.406	0.275	0.717	0.5	0.642	0.366	0.879	-0.031	0.368
hsa-mir-1299	mir-1299	0.214	-0.327	-1.124	-0.776	-0.781	-0.233	1.076	0.428	0.66	-1.407	0.297	0.655	0.504	4.165	-2.04	0.346	-1.658
hsa-mir-30d-3p	mir-30-3p	0.06	0.132	-0.546	-0.278	-0.294	-0.228	-1.179	-0.447	0.649	-0.448	0.764	0.522	0.324	0.085	0.505	-0.052	0.432
hsa-mir-654-3p	mir-654-3p	-0.398	0.857	-0.064	-0.931	-0.633	-1.311	-1.303	-1.459	1.459	0.579	1.152	0.044	0.145	-0.968	1.733	0.479	0.619
hsa-mir-193a-3p	mir-193-3p	0.042	1.441	0.538	0.602	0.461	1.175	0.683	1.348	-1.645	-0.681	-0.184	-0.99	0.165	-0.066	-0.721	-1.411	-0.756
hsa-mir-411-3p	mir-411-3p	-0.68	0.146	-0.498	-0.495	-0.585	-0.792	-1.067	-1.008	1.369	0.217	0.42	-0.323	0.599	0.089	1.266	-0.074	1.414
hsa-mir-362-5p	mir-362-5p/500b-5p	-0.229	-0.494	0.218	-0.151	0.446	0.578	0.572	1.074	-0.807	0.116	-0.415	-0.227	0.385	0.079	-0.461	-0.429	-0.256
hsa-mir-508-5p	mir-508-5p	0.22	-1.532	0.179	-0.916	-1.907	0.779	1.102	1.459	-0.405	2.887	-1.162	1.551	-2.117	-0.691	1.288	0.019	-0.753
hsa-mir-99b-3p	mir-99-3p	0.358	0.067	-1.284	-0.443	0.085	-0.194	-0.116	-1.026	0.877	-0.822	0.454	-0.153	-1.318	0.526	1.685	-0.193	1.499
hsa-mir-23b-5p	mir-23-5p	0.087	0.292	-0.359	-0.399	-0.281	-0.108	-0.119	-0.357	0.296	-0.515	0.727	0.515	0.12	-0.022	0.298	-0.21	0.035
hsa-let-7f-2-3p	let-7f-2-3p/1185-3p	-0.526	-0.048	0.376	-0.636	-0.628	-0.099	0.178	-0.906	0.347	-1.038	1.111	0.208	0.295	0.394	0.776	-0.263	0.459
hsa-mir-19b-1-5p	mir-19-5p	-0.086	-0.274	-0.159	-0.308	0.219	0.013	-0.085	0.005	0.141	0.212	0.167	-0.017	0.206	0.139	-0.115	0.027	-0.084
hsa-mir-153-3p	mir-153-3p	0.119	-0.774	0.713	0.183	0.224	-1.478	-1.167	0.72	0.125	-0.024	0.193	-0.115	0.037	0.053	0.997	-0.066	0.261
hsa-mir-181c-3p	mir-181c-3p	0.073	-0.051	-0.423	-0.505	-0.24	-0.565	-0.494	-1.251	0.927	-0.292	0.775	0.612	0.136	0.063	0.402	0.399	0.433
hsa-mir-431-3p	mir-431-3p	-0.401	-0.476	-0.407	0.172	-0.379	-0.441	-0.164	-0.542	1.152	1.869	-0.354	-0.5	-0.344	0.085	0.496	-0.471	0.705
hsa-mir-193b-5p	mir-193b-5p	-1.005	2.42	-0.718	0.355	-0.782	2.696	2.371	2.669	-1.63	-0.708	-1.084	-1.031	-1.618	-0.357	-0.962	-0.145	-0.472
hsa-let-7e-3p	let-7e-3p	0.092	0.322	-0.604	-0.043	0.034	-0.327	0.04	-0.993	1.07	-1.769	0.73	-0.123	-1.039	0.615	1.435	-0.748	1.308
hsa-mir-203a-3p	NA	-0.242	0.386	0.154	-0.473	0.03	0.761	0.446	1.588	-0.453	0.555	-0.699	-0.507	-0.459	0.379	-0.52	-0.144	-0.799
hsa-mir-637	mir-637	-0.018	-0.204	1.997	-0.422	-0.145	-0.364	0.234	0.623	-0.783	1.27	-0.249	-1.9	-0.74	0.196	0.625	-0.161	0.042
hsa-mir-211-5p	mir-204-5p/211-5p	-0.178	-0.953	0.717	-0.591	0.123	1.26	0.281	-0.286	-1.293	1.062	-0.184	0.096	0.074	1.212	-0.56	0.166	-0.946
hsa-mir-671-3p	mir-671-3p	0.494	-0.067	-0.099	0	-0.131	-0.588	-0.28	-1.436	0.629	-0.178	0.47	0.154	0.457	0.386	0.136	-0.344	0.397
hsa-mir-485-5p	mir-485-5p	-1.056	-0.064	-0.327	-0.869	-0.172	-0.794	-0.356	-1.097	1.989	0.099	0.285	-0.31	-0.336	-0.065	1.054	0.812	1.208
hsa-mir-493-3p	mir-493-3p	-0.781	-0.059	-0.115	-0.3	-0.357	-0.763	-0.278	-0.787	1.292	-0.28	0.227	-0.472	0.583	-0.382	1.33	-0.051	1.193
hsa-mir-299-3p	mir-299-3p	0.25	0.254	-0.332	-0.846	-0.439	-0.798	-0.605	-0.913	0.795	-0.076	0.431	-0.009	0.474	0.023	1.09	0.017	0.683
hsa-mir-429	mir-200bc-3p/429	-0.434	0.602	0.221	0.331	-0.047	0.277	-0.211	0.926	-0.543	-0.72	0.469	0.569	-0.012	-0.308	0.022	-0.647	-0.495
hsa-mir-1291	mir-1291/6775-3p	0.006	0.713	0.554	1.336	0.78	0.856	0.933	1.158	-0.741	-0.561	-1.081	-1.026	-0.699	0.059	-1.036	-0.553	-0.699
hsa-mir-25-5p	mir-25-5p	0.428	-0.048	0.021	0.735	-0.235	0.246	0.334	0.896	0.038	-0.045	-0.5	-1.323	-0.038	0.316	-0.706	0.105	-0.223
hsa-mir-1238-3p	mir-1238-3p	0.334	0.399	-0.131	0.028	0.236	0.682	0.249	0.826	-0.426	0.78	-0.697	-0.663	-0.849	0.226	-0.325	0.23	-0.897
hsa-mir-542-5p	mir-542-5p	-0.131	-0.95	0.454	0.438	0.513	-0.053	0.315	-0.219	0.494	-0.719	-0.686	0.476	-0.681	0.176	0.149	-0.039	0.464
hsa-mir-571	mir-571	0.106	0.702	0.685	0.69	0.955	-0.486	-0.862	2.172	0.453	-1.345	-1.151	-0.185	-0.288	-0.404	-0.51	0.237	-0.771
hsa-mir-628-5p	mir-628-5p	0.086	-0.105	-0.047	0.036	-0.465	-0.612	-0.769	-0.955	0.018	-0.273	0.548	0.553	0.386	0.345	0.813	-0.014	0.455
hsa-mir-1224-5p	mir-1224-5p	0.789	0.449	0.405	-0.757	0.066	0.887	0.99	1.353	-0.904	-0.251	-1.839	0.684	-0.182	-0.319	-0.576	0.266	-1.059
hsa-mir-1285-5p	mir-1285-5p	0.38	-0.707	0.114	0.398	0.107	0.8	0.309	0.492	-0.135	-0.244	-0.314	-0.007	-0.304	-0.206	-0.125	-0.131	-0.427
hsa-mir-1207-5p	mir-1207-5p/4763-3p	0.342	0.183	0.595	0.276	0.195	0.416	0.388	0.971	-0.531	-0.299	-0.032	-0.728	-0.823	0.162	-0.472	0.063	-0.705
hsa-mir-154-3p	mir-154-3p/487-3p	-0.202	-0.402	-0.263	-1.153	-0.217	-0.641	-0.811	-0.872	0.725	0.452	0.398	-0.593	1.111	0.313	0.898	0.392	0.866
hsa-mir-346	mir-346	0.333	-0.01	0.114	0.139	0.141	0.433	0.364	1.129	-0.799	0.579	-0.262	-0.074	-0.582	0.208	-0.938	0.067	-0.843
hsa-mir-138-5p	mir-138-5p	0.377	-0.759	-0.376	0.916	0.108	0.262	0.193	1.139	-0.464	-0.427	-0.28	0.185	0.264	0.152	-0.453	0.001	-0.837
hsa-mir-302c-5p	mir-302c-5p	0.472	0.185	0.445	-0.298	0.15	0.325	0.528	0.835	-0.729	0.286	-0.591	-0.305	-0.046	0.45	-0.903	-0.064	-0.738
hsa-mir-376a-5p	mir-376a-5p	-0.319	-1.189	-1.114	0.527	-1.224	0.523	-1.071	-0.535	-2.116	1.925	0.509	-0.432	0.8	0.826	1.818	1.604	-0.531
hsa-mir-148a-5p	mir-148a-5p	0.317	0.513	-0.048	0.206	-0.784	-0.061	-0.066	1.599	0.185	-0.581	0.324	0.247	-0.491	0	-0.182	-0.366	-0.81
hsa-mir-616-3p	mir-616-3p	0.589	0.216	0.541	0.285	-0.813	0.85	-0.708	-0.034	-0.15	-0.363	0.109	0.619	-0.331	-0.918	0.461	-0.375	0.024
hsa-mir-668-3p	mir-668-3p	0.098	-0.241	-0.58	-0.416	-0.233	-0.065	-0.329	-0.431	0.9	0.529	-0.564	-0.349	0.895	0.037	0.148	-0.068	0.668
hsa-mir-9-3p	mir-9-3p	-0.029	-0.049	-0.081	0.222	-0.017	-0.13	-0.332	-0.077	-0.474	-0.446	0.244	0.571	0.199	0.337	-0.136	0.657	-0.461
hsa-mir-27b-5p	mir-27b-5p	0.289	-0.187	-0.417	-0.339	0.075	-0.522	-0.256	0.181	0.098	-0.101	0.329	0.339	0.429	-0.352	0.148	-0.374	0.66
hsa-mir-34a-3p	mir-34a-3p	-0.301	1.857	-0.39	-0.643	-0.801	1.193	1.466	1.618	-0.866	-0.163	-0.588	-0.152	-0.37	-0.241	-0.867	0.194	-0.946
hsa-mir-99a-3p	mir-99-3p	-0.035	1.423	-0.309	-0.281	-0.158	0.9	1.385	2.977	-0.824	-0.41	-0.823	-0.889	-0.948	-0.129	-1.183	0.033	-0.728
hsa-mir-379-3p	mir-411-3p	-1.018	0.199	-0.377	-0.29	-0.424	-0.093	-0.717	-0.437	0.567	0.146	0.25	-0.309	0.515	0.058	0.711	0.399	0.819
hsa-mir-616-5p	mir-371b-5p/373-5p/616-5p	-0.244	-0.549	0.126	-0.131	-0.2	0.495	-0.419	0.158	0.328	0.015	0.312	0.512	0.498	-0.074	-0.27	-0.484	-0.072
hsa-mir-27a-5p	mir-27a-5p	0.596	-0.773	0.387	0.841	0.205	0.535	0.977	0.156	-0.319	0.337	-1.071	-0.486	-0.643	-0.213	-0.69	-0.02	0.181
hsa-mir-149-5p	mir-149-5p	0.201	-0.822	0.42	0.162	-0.073	0.939	-0.077	1.638	-1.249	0.803	-0.357	-0.049	-0.21	0.261	-0.923	0.092	-0.753
hsa-mir-629-3p	mir-629-3p	-0.044	0.004	0.23	0.656	-0.073	-0.135	-0.056	-0.203	0.181	-0.345	-0.036	0.321	-0.251	-0.127	-0.027	0.151	-0.247
hsa-mir-582-5p	mir-582-5p	0.634	0.256	0.242	1.973	-0.164	0.696	0.209	1.497	-1.434	0.022	-0.482	-0.443	-0.266	0	-1.192	-0.139	-1.41
hsa-mir-125b-2-3p	mir-125b-2-3p	-0.05	1.383	0.239	-0.059	0.09	1.127	1.079	2.004	-1.141	-0.249	-0.698	-0.788	-0.529	-0.204	-0.971	-0.289	-0.943
hsa-mir-365b-5p	mir-365a-5p/365b-5p	1.097	-0.278	0.396	0.359	2.619	-0.139	-0.083	0.488	-1.185	-0.074	0.073	-0.695	-0.895	0.319	-0.798	0.097	-1.301
hsa-mir-596	mir-596	0.532	0.449	0.959	0.74	0.552	0.862	0.638	1.15	-1.383	0.049	-0.54	-1.328	-0.754	-0.041	-0.64	-0.49	-0.755
hsa-mir-125a-3p	mir-125a-3p	0.043	0.12	-0.309	-0.349	-0.029	0.311	0.202	-0.119	0.558	-0.576	0.046	-0.431	-0.689	0.173	0.478	-0.186	0.757
hsa-mir-192-3p	mir-192-3p	0.262	0.819	0.53	0.197	-0.292	0.824	0.708	2.514	-1.556	0.02	-0.911	-0.837	0.068	-0.349	-1.044	-0.041	-0.912
hsa-mir-92b-5p	mir-92b-5p	0.042	0.038	0.218	-0.126	0.361	0.214	0.514	0.968	-0.457	-0.081	-0.583	-0.215	-0.101	-0.04	-0.656	0.494	-0.591
hsa-mir-95-3p	mir-95-3p	-0.108	0.397	0.494	0.652	0.644	0.828	-0.002	0.833	-1.395	0.386	-0.8	-0.445	-0.521	0.345	-0.672	0.128	-0.766
hsa-mir-515-3p	mir-33b-3p/515-3p/519e-3p	0.394	0.058	0.389	-0.15	0.33	0.539	0.109	1.149	-0.997	0.416	-0.755	-0.143	-0.389	0.442	-0.293	-0.121	-0.979
hsa-mir-1304-5p	mir-1304-5p	0.383	-0.141	0.484	-0.073	-0.288	0.272	0.27	0.747	-1.092	-0.144	-0.421	-0.005	-0.18	0.36	0.05	0.218	-0.44
hsa-mir-452-5p	mir-452-5p/892-3p	-0.366	-0.117	0.284	0.112	-0.338	-0.195	-0.309	-0.081	0.2	-0.364	0.701	0.505	-0.068	0.113	0.278	0.013	-0.368
hsa-mir-597-5p	mir-597-5p	-0.366	-0.117	0.284	0.112	-0.338	-0.195	-0.309	-0.081	0.2	-0.364	0.701	0.505	-0.068	0.113	0.278	0.013	-0.368
hsa-mir-517b-3p	mir-517-3p	0.417	0.494	0.574	-0.354	0.542	1.288	0.604	0.769	-1.094	0.025	-0.956	-0.279	-0.995	0.45	-1.04	-0.45	0.006
hsa-mir-525-5p	mir-525-5p	0.2	0.75	-0.114	-0.514	0.154	0.317	0.542	1.847	-0.34	0.774	-0.828	-0.987	-0.574	0.452	-1.342	0.29	-0.627
hsa-mir-106a-3p	mir-106a-3p	0.384	0.347	0.538	0.153	-0.169	0.155	0.163	0.567	-0.851	0.461	-0.59	-0.439	-0.048	0.432	-0.391	-0.181	-0.529
hsa-mir-449c-5p	mir-34b-5p/449c-5p	0.454	-0.004	0.221	-0.287	-0.085	0.738	0.468	1.019	-0.719	0.244	-0.654	-0.147	-0.154	0.471	-0.888	0.077	-0.754
hsa-mir-300	mir-381-3p	0.119	0.131	0.578	0.297	0.176	0.662	0.023	1.271	-0.801	0.034	-0.54	-0.278	-0.458	-0.098	-0.767	0.41	-0.76
hsa-mir-216a-5p	mir-216a-5p	0.249	0.271	0.586	-0.108	0.312	1.098	0.486	1.119	-0.843	-0.236	-0.79	-0.698	-0.326	0.432	-0.91	-0.342	-0.301
hsa-mir-455-5p	mir-455-5p	-0.31	0.927	0.29	-0.19	-0.22	0.988	1.305	4.273	-1.453	-0.594	-1.097	-0.269	-0.403	-0.12	-1.22	-0.539	-1.369
hsa-mir-202-3p	mir-202-3p	-0.22	0.383	-0.274	0.694	0.391	0.782	0.729	0.345	-0.671	-0.13	-0.668	0.121	-0.393	0.674	-0.803	0.059	-1.02
hsa-mir-610	mir-610	0.084	-0.188	-0.199	-0.548	0.878	0.608	0.015	0.95	-1.057	-0.705	0.173	0.387	0.034	0.313	-0.86	-0.179	0.294
hsa-mir-100-3p	mir-100-3p	-0.232	0.853	-0.2	-0.048	0.092	0.265	0.453	1.159	-0.88	0.193	-0.666	0.221	0.214	0.619	-0.812	-0.348	-0.883
hsa-mir-302b-3p	mir-302-3p/372-3p/373-3p/520-3p	0.28	0.448	0.318	-0.026	0.162	0.642	0.452	0.944	-0.615	0.411	-0.696	-0.592	-0.474	0.342	-0.831	-0.016	-0.749
hsa-mir-372-3p	mir-302-3p/372-3p/373-3p/520-3p	0.092	0.557	0.387	-0.255	0.162	0.632	0.339	0.892	-0.624	0.194	-0.696	-0.298	-0.179	0.391	-0.785	-0.197	-0.614
hsa-mir-208b-3p	mir-208-3p	-0.161	0.677	0.252	0.208	0.607	0.549	0.715	0.651	-1.179	0.084	-0.727	-0.586	0.013	0.257	-0.558	-0.149	-0.652
hsa-mir-609	mir-609	0.53	-0.196	-0.079	0.182	0.049	0.939	0.66	0.737	0.05	0.207	-0.623	-0.88	0.295	0.575	-1.248	-0.476	-0.722
hsa-mir-196b-3p	mir-196b-3p	0.478	0.101	-0.127	-0.114	-0.016	0.503	0.095	0.355	-0.079	-0.443	-0.167	0.066	-0.039	0.105	-0.55	0.12	-0.289
hsa-mir-378c	mir-378-3p	0.26	0.332	0.153	0.051	0.386	0.608	0.428	0.644	-0.833	0.504	-0.644	-0.257	-0.482	0.231	-0.778	0.154	-0.757
hsa-mir-10b-3p	mir-10b-3p	0.133	0.056	0.598	-0.292	0.352	0.788	0.129	0.495	-1.387	0.236	-0.659	-0.216	-0.129	0.416	-0.466	0.493	-0.548
hsa-mir-1228-3p	mir-1228-3p	-0.079	0.798	0.141	-0.285	-0.097	0.938	0.899	1.171	-0.521	-0.567	-0.951	-0.117	0.053	0.091	-0.951	0.213	-0.735
hsa-mir-135a-3p	mir-135a-3p	0.377	0.113	0.257	-0.26	0.294	0.31	0.448	1.929	0.329	0.126	-0.925	-0.701	-0.697	0.132	-0.278	-0.323	-1.129
hsa-mir-34b-3p	mir-34b-3p	1.091	-0.051	0.365	0.673	0.395	0.515	0.251	0.857	-0.964	-0.152	-0.453	-0.685	-0.184	0.202	-1.195	0.023	-0.688
hsa-mir-212-3p	mir-132-3p/212-3p	0.118	0.213	0.273	-0.118	0.036	0.333	0.119	0.429	-0.481	0.018	0.017	-0.317	-0.138	0.16	-0.317	0.175	-0.519
hsa-mir-129-5p	mir-129-5p	-0.016	0.151	0.279	-0.054	-0.098	0.928	0.315	0.62	0.141	-0.135	-0.956	0.234	-0.392	0.322	-0.635	0.054	-0.758
hsa-mir-518b	mir-518-3p	0.274	0.05	0.668	-0.326	0.233	0.847	0.667	0.517	-0.779	-0.206	-0.807	-0.928	-0.199	0.874	-0.595	-0.283	-0.009
hsa-mir-182-3p	mir-182-3p	-0.075	0.541	0.138	0.119	0.006	0.739	0.475	0.761	-0.492	0.106	-0.429	-0.174	-0.351	0.211	-1.012	0.414	-0.976
hsa-mir-449c-3p	mir-449c-3p	0.232	0.199	0.296	0.024	0.106	0.531	0.578	1.11	-0.647	0.227	-0.857	-0.247	-0.385	0.431	-0.678	-0.061	-0.859
hsa-mir-1258	mir-1258	0.322	0.084	0.33	0.1	0.212	0.508	0.46	0.977	-0.653	0.339	-0.712	-0.255	-0.366	0.348	-1.152	0.313	-0.855
hsa-mir-196a-5p	mir-196-5p	0.379	0.346	1.781	0.043	-0.227	0.417	0.145	0.865	-0.876	-0.203	-0.7	0.052	-0.324	0.693	-1.206	-0.174	-1.012
hsa-mir-642b-3p	mir-642-3p	0.211	0.078	0.325	-0.225	0.112	0.751	0.362	0.515	-0.626	-0.07	-0.677	0.178	-0.351	0.892	-0.674	-0.106	-0.695
hsa-mir-708-5p	mir-28-5p/708-5p	0.601	0.143	0.24	0.365	0.231	0.961	0.206	0.516	-0.412	-0.211	-0.448	-0.195	-0.356	0.305	-1.003	-0.058	-0.883
hsa-mir-125b-1-3p	mir-125b-1-3p	0.614	0.524	0.014	-0.193	0.009	0.694	0.222	1.36	-0.696	-0.211	-0.503	-0.478	-0.436	0.522	-0.783	-0.059	-0.6
hsa-mir-770-5p	mir-770-5p	0.326	0.366	0.497	-0.173	0.009	0.555	0.204	0.808	-0.308	-0.094	-0.474	-0.456	-0.238	0.344	-0.703	-0.157	-0.505
hsa-mir-124-5p	mir-124-5p	0.194	0.481	0.287	-0.028	0.111	0.549	0.582	0.693	-0.5	-0.038	-0.689	-0.353	-0.269	0.408	-0.68	0.01	-0.759
hsa-mir-551b-5p	mir-551b-5p	0.243	0.506	0.293	0.316	0.324	0.242	0.107	0.854	-0.838	-0.358	-0.29	-0.51	-0.364	0.488	-0.642	0.257	-0.628
hsa-mir-34b-5p	mir-34b-5p/449c-5p	0.232	0.224	0.487	0.66	0.472	0.594	0.455	0.628	-0.974	-0.226	-0.52	-0.319	-0.316	0.442	-0.993	-0.058	-0.785
hsa-mir-3186-5p	mir-3186-5p	0.443	0.261	0.297	0.107	0.123	0.577	0.514	0.705	-0.732	0.023	-0.678	-0.364	-0.345	0.332	-0.916	0.194	-0.539
hsa-mir-573	mir-573/3616-5p	0.374	0.477	0.234	0.372	0.272	0.5	0.503	0.684	-0.874	-0.125	-0.676	-0.406	-0.278	0.442	-0.893	-0.02	-0.585
hsa-mir-200c-5p	mir-200c-5p/550a-3p	0.239	0.147	0.244	0.017	0.983	0.423	0.288	0.782	-0.799	-0.034	-0.665	-0.373	-0.03	0.452	-0.905	-0.054	-0.714
